#Taken from Extended Data Figure 5 and WebPlotDigitiser: https://apps.automeris.io/wpd/
-3.903153153153150257e+00 -3.861003861003851512e+00 1.559845559845559393e+01
-1.973133848133844737e+00 1.050193050193050226e+01 3.243243243243242091e+00
-1.808719433719430114e+00 1.482625482625482505e+01 7.027027027027024531e+00
-7.166184041184049391e-01 -2.007722007722009039e+00 5.405405405405399932e+00
2.816924066924091363e-01 1.235521235521233052e+00 5.945945945945940281e+00
1.102236164736167368e+00 -1.420849420849418721e+01 6.718146718146719820e+00
1.427767052767055844e+00 -3.922779922779922401e+01 1.258687258687260169e+01
1.468709781209785348e+00 2.162162162162161394e+00 6.949806949806948353e+00
4.346525096525098775e+00 -3.243243243243242091e+00 1.351351351351352292e+01
6.574565637065639123e+00 -1.081081081081087802e+00 9.729729729729712062e+00
